76,-47,40,32
151,40,57,2
99,28,-46,-6
75,28,-6,-52
90,-51,-46,41
67,3,8,-13
53,22,12,30
69,-30,-7,-46
140,23,56,22
42,51,-38,0
122,12,45,34
144,11,41,-1
81,45,11,-10
114,4,50,-42
132,-11,40,59
142,3,42,39
99,12,-60,-60
142,-30,-25,-55
75,-59,53,-28
120,7,-34,48
132,49,51,55
142,12,-13,-47
97,-54,29,-43
143,-51,-3,30
108,-40,-54,58
68,13,-56,-32
63,-1,17,40
51,-22,41,32
99,-33,-38,-5
88,-12,53,-4
157,-21,-22,-20
55,50,-6,40
68,-29,-29,-33
91,21,36,-29
61,59,18,37
50,-14,2,14
47,-39,15,-29
70,-4,-26,-8
47,-30,41,-31
118,49,1,-27
109,21,55,-60
155,40,5,-30
157,15,24,-36
44,49,56,-53
55,-18,20,-17
122,-35,40,-51
87,-50,16,-36
53,17,57,-52
110,31,22,-56
149,-24,57,6
55,36,34,5
121,54,-27,14
43,13,47,-18
92,13,-7,26
102,-1,-40,44
91,12,-60,-26
71,55,-57,12
120,-53,-7,-25
68,-22,42,47
58,-31,-17,-56
68,-32,-55,-40
106,6,50,8
147,-20,-55,18
152,41,-32,-46
73,-42,44,7
44,35,52,36
115,-46,-42,26
46,-15,31,41
41,-2,58,-10
126,23,2,55
142,23,-45,-27
84,-8,-58,41
91,-11,-37,-46
82,-50,-52,-18
124,10,-41,-41
69,32,13,40
90,-25,41,-32
136,-17,-29,-34
119,-57,-19,-34
144,-55,-11,-6
-15,62,-59,-27
-35,66,-33,-20
12,64,-19,46
-37,97,40,21
11,103,32,-34
-46,156,27,21
11,40,41,-36
-41,72,-57,-10
4,155,34,-17
13,78,-33,-49
-6,138,-8,-58
25,92,50,-38
13,110,-51,6
-2,77,-37,29
17,130,53,32
-54,85,-30,37
-1,142,33,-23
-49,78,42,-58
-14,110,-24,-32
42,85,49,-52
-37,40,-15,59
55,62,19,38
46,90,58,50
-52,92,55,-50
-6,153,28,10
2,130,-31,2
-27,155,44,35
-25,133,30,-42
-26,118,-20,11
-34,70,19,-17
-47,110,8,-55
45,85,54,-7
30,139,-23,-29
-50,57,-13,-37
-54,112,-11,-8
-57,146,41,-18
4,110,21,-26
-38,127,3,49
-38,47,-2,-42
37,136,-17,-16
2,60,-7,27
-5,125,42,-16
-15,95,-45,-17
-14,125,-22,4
7,81,6,-27
-29,136,-54,44
41,46,14,40
-19,61,-22,-40
38,60,-36,-45
42,94,44,25
51,135,14,-1
-24,54,56,9
39,112,53,-8
-31,82,57,46
23,145,-50,-40
4,125,-34,-20
10,51,34,58
18,58,-14,24
-18,64,-2,-40
50,126,-36,-11
34,81,-29,-58
-27,43,-16,-6
-37,73,55,37
42,86,-4,-22
31,113,10,1
28,82,44,50
-59,98,-6,-37
39,139,-41,-57
34,134,48,-56
54,68,-33,-34
45,55,25,32
-48,42,-60,10
-44,110,-43,-24
-2,86,10,-54
-11,125,3,56
-49,127,6,0
-49,93,-4,38
-19,85,-58,35
-58,130,43,41
-3,47,-26,13
-22,-42,64,6
2,-6,87,30
32,-27,142,6
-37,-28,128,23
31,-28,138,-18
32,-29,152,48
37,13,43,-33
17,59,118,-53
56,49,97,52
-56,-9,141,14
-19,43,112,-26
42,-36,148,45
52,-22,132,-45
-39,44,142,-42
2,2,55,2
13,37,147,-13
-2,3,44,25
-2,55,54,-5
-44,-23,64,-24
-4,-46,117,-55
-3,58,100,-53
16,22,76,-12
-43,12,60,-36
48,0,122,-26
-12,-52,51,22
38,4,155,53
-34,-56,77,59
2,-43,92,-28
-29,46,51,39
43,-49,82,-21
15,-37,58,50
-30,22,60,-13
59,29,148,-38
-16,-4,148,51
-6,-16,110,-1
-30,7,65,38
-51,-59,56,-10
44,-31,152,26
39,55,105,-57
-52,46,54,-13
-6,-20,152,54
50,33,56,-42
32,-38,148,-19
55,-57,124,46
19,15,45,-7
-45,-54,93,-6
6,40,136,-8
44,-24,59,53
49,3,135,-14
6,-38,89,-3
33,12,79,37
14,-19,69,13
-2,-44,104,-57
-2,-36,51,-21
-5,-58,89,-8
45,-60,90,42
-7,8,81,-3
44,-10,69,41
-36,40,47,-18
-7,33,147,-22
-52,4,107,41
-41,-34,112,-28
-42,49,74,-51
-4,26,130,41
49,53,102,7
26,31,125,-55
1,13,91,-23
-33,19,63,-26
39,23,44,-50
37,-16,85,-34
-41,-7,68,32
11,-46,108,36
-39,-31,77,10
10,-12,105,-50
-39,42,157,-11
49,43,105,32
-57,-50,60,-1
1,26,113,-56
31,14,95,-8
-7,4,48,-8
-54,3,-53,55
-29,-27,-28,156
3,25,-17,135
-43,-30,37,61
51,-17,-26,80
34,-60,58,143
-11,24,-34,121
38,-39,-54,115
-45,-43,-47,57
30,-46,48,106
47,17,-6,71
21,-26,35,148
3,-21,52,88
-8,54,54,98
-38,-16,35,93
43,47,57,85
-60,6,-48,74
41,-5,-41,44
-18,-6,-46,64
49,-24,14,75
55,-21,16,43
35,48,11,62
-20,4,32,93
55,-9,43,105
-43,22,27,98
-17,0,2,84
-50,-44,6,90
7,-7,-32,143
-48,29,-29,155
12,-54,15,146
29,-18,54,124
-53,-22,6,48
47,5,41,98
37,-6,57,119
50,-49,-48,79
26,7,-25,42
29,-13,37,126
34,-20,-14,128
-3,-36,-51,144
5,30,-5,154
9,19,1,90
53,55,-28,40
39,43,-50,132
47,-20,-60,84
22,-21,-18,60
-58,-2,54,141
-30,56,-27,57
-41,45,26,62
-12,24,52,153
54,40,34,117
15,-24,-31,68
-49,-34,-26,76
4,39,-43,126
-42,-55,-55,91
46,17,29,64
57,-3,50,156
-17,4,-14,72
-8,-19,-3,118
57,14,-31,116
11,-17,31,99
38,6,11,91
4,-21,53,122
56,-10,22,69
1,-32,5,62
2,0,-13,54
-4,39,59,84
-11,-26,-58,103
-45,54,-3,105
-60,-17,-23,124
40,-10,24,137
-39,57,32,55
33,-3,9,49
37,-46,22,132
1,-44,37,151
12,54,15,147
53,18,2,157
-2,-12,-59,121
-40,-48,59,49
40,-31,3,55
-40,-4,39,128